<?xml version="1.0" encoding="UTF-8" standalone="no"?>
<!DOCTYPE svg PUBLIC "-//W3C//DTD SVG 20010904//EN"
              "http://www.w3.org/TR/2001/REC-SVG-20010904/DTD/svg10.dtd">

<svg xmlns="http://www.w3.org/2000/svg"
     width="21.3333in" height="14.2222in"
     viewBox="0 0 1536 1024">
  <path id="Unnamed #7"
        fill="none" stroke="black" stroke-width="1"
        d="M 1091.00,1020.00
           C 1091.00,1020.00 1128.00,953.00 1128.00,953.00
             1128.00,953.00 1169.00,595.00 1169.00,595.00
             1169.00,595.00 1102.00,549.00 1102.00,549.00
             1102.00,549.00 996.00,542.00 996.00,542.00
             996.00,542.00 870.00,422.00 870.00,422.00
             870.00,422.00 532.00,635.00 532.00,635.00
             532.00,635.00 427.00,654.00 427.00,655.00
             427.00,656.00 266.00,610.00 266.00,610.00
             266.00,610.00 237.00,625.00 237.00,627.00
             237.00,629.00 136.00,639.00 136.00,639.00
             136.00,639.00 2.00,757.00 2.00,757.00
             2.00,757.00 0.00,479.00 0.00,479.00
             0.00,479.00 840.00,348.00 1533.00,494.00
             1557.51,695.12 1527.00,974.00 1534.00,1019.00
             1534.00,1019.00 1535.00,1026.00 1535.00,1017.00M 1387.00,1042.00" />
</svg>
