<?xml version="1.0" encoding="UTF-8" standalone="no"?>
<!DOCTYPE svg PUBLIC "-//W3C//DTD SVG 20010904//EN"
              "http://www.w3.org/TR/2001/REC-SVG-20010904/DTD/svg10.dtd">

<svg xmlns="http://www.w3.org/2000/svg"
     width="21.3333in" height="14.2222in"
     viewBox="0 0 1536 1024">
  <path id="Unnamed #1"
        fill="none" stroke="black" stroke-width="1"
        d="M 872.00,424.00
           C 872.00,424.00 996.00,545.00 997.00,545.00
             998.00,545.00 1100.00,554.00 1100.00,554.00
             1100.00,554.00 1167.00,594.00 1167.00,594.00
             1167.00,594.00 1157.00,741.00 1157.00,741.00
             1157.00,741.00 1124.00,959.00 1124.00,959.00
             1124.00,959.00 1086.00,1028.00 1086.00,1028.00
             1086.00,1028.00 -3.00,1022.00 -3.00,1022.00
             -3.00,1022.00 -2.00,763.00 -2.00,763.00
             -2.00,763.00 137.00,641.00 137.00,641.00
             137.00,641.00 230.00,633.00 230.00,633.00
             230.00,633.00 267.00,612.00 269.00,612.00
             271.00,612.00 393.00,655.00 425.00,656.00
             457.00,657.00 531.00,640.00 531.00,640.00
             531.00,640.00 607.00,578.00 607.00,578.00
             607.00,578.00 689.00,530.00 689.00,530.00
             689.00,530.00 769.00,481.00 769.00,481.00
             769.00,481.00 827.00,451.00 827.00,451.00" />
</svg>
