<?xml version="1.0" encoding="UTF-8" standalone="no"?>
<!DOCTYPE svg PUBLIC "-//W3C//DTD SVG 20010904//EN"
              "http://www.w3.org/TR/2001/REC-SVG-20010904/DTD/svg10.dtd">

<svg xmlns="http://www.w3.org/2000/svg"
     width="24.5333in" height="16.3733in"
     viewBox="0 0 7360 4912">
  <path id="Unnamed"
        fill="none" stroke="black" stroke-width="1"
        d="M 33.00,2381.50
           C 49.50,2381.50 390.50,2288.00 390.50,2288.00
             390.50,2288.00 1072.50,2579.50 1072.50,2579.50
             1072.50,2579.50 1727.00,2475.00 1754.50,2464.00
             1782.00,2453.00 2161.50,2249.50 2161.50,2249.50
             2161.50,2249.50 2414.50,2293.50 2414.50,2293.50
             2414.50,2293.50 2717.00,1897.50 2717.00,1897.50
             2717.00,1897.50 2997.50,1556.50 2997.50,1562.00
             2997.50,1567.50 3206.50,1457.50 3206.50,1457.50
             3206.50,1457.50 3371.50,1523.50 3382.50,1540.00
             3393.50,1556.50 3668.50,1754.50 3668.50,1760.00
             3668.50,1765.50 4213.00,1875.50 4213.00,1875.50
             4213.00,1875.50 4345.00,1886.50 4345.00,1881.00
             4345.00,1875.50 4691.50,2013.00 4708.00,2013.00
             4724.50,2013.00 5060.00,1914.00 5071.00,1914.00
             5082.00,1914.00 5500.00,2018.50 5511.00,2018.50
             5522.00,2018.50 5819.00,2084.50 5824.50,2084.50
             5830.00,2084.50 6127.00,2502.50 6127.00,2502.50
             6127.00,2502.50 7364.50,2557.50 7364.50,2557.50
             7364.50,2557.50 7573.50,-242.00 7573.50,-242.00
             7573.50,-242.00 -269.50,-291.50 -269.50,-291.50
             -269.50,-291.50 -236.50,2469.50 -236.50,2469.50" />
</svg>
