<?xml version="1.0" encoding="UTF-8" standalone="no"?>
<!DOCTYPE svg PUBLIC "-//W3C//DTD SVG 20010904//EN"
              "http://www.w3.org/TR/2001/REC-SVG-20010904/DTD/svg10.dtd">

<svg xmlns="http://www.w3.org/2000/svg"
     width="17.0667in" height="9.6in"
     viewBox="0 0 5120 2880">
  <path id="Unnamed #3"
        fill="none" stroke="black" stroke-width="1"
        d="M 2752.00,1296.67
           C 2752.00,1296.67 3056.67,1408.67 3056.67,1408.67
             3056.67,1408.67 3114.00,1395.00 3114.00,1395.00
             3114.00,1395.00 3132.00,1405.00 3132.00,1405.00
             3132.00,1405.00 3170.00,1394.00 3170.00,1394.00
             3170.00,1394.00 3351.00,1497.00 3351.00,1494.00
             3351.00,1491.00 3795.00,1725.00 3795.00,1725.00
             3795.00,1725.00 3600.00,2106.00 3600.00,2106.00
             3600.00,2106.00 3381.00,2277.00 3381.00,2277.00
             3381.00,2277.00 3162.00,2163.00 3162.00,2163.00
             3162.00,2163.00 3036.00,2160.00 3036.00,2157.00
             3036.00,2154.00 2889.00,2271.00 2889.00,2271.00
             2889.00,2271.00 2658.00,2244.00 2658.00,2244.00
             2658.00,2244.00 2484.00,2169.00 2484.00,2169.00
             2484.00,2169.00 2259.00,2130.00 2259.00,2130.00
             2259.00,2130.00 2160.00,2232.00 2160.00,2232.00
             2160.00,2232.00 1707.00,2310.00 1707.00,2310.00
             1707.00,2310.00 1380.00,2280.00 1380.00,2280.00
             1380.00,2280.00 906.00,2199.00 906.00,2199.00
             906.00,2199.00 1023.00,2115.00 1023.00,2115.00
             1023.00,2115.00 801.00,2043.00 801.00,2043.00
             801.00,2043.00 918.00,1977.00 918.00,1977.00
             918.00,1977.00 1083.00,1998.00 1083.00,1998.00
             1083.00,1998.00 1200.00,1938.00 1200.00,1938.00
             1200.00,1938.00 1389.00,1902.00 1392.00,1902.00
             1395.00,1902.00 1155.00,1803.00 1161.00,1794.00
             1167.00,1785.00 1224.00,1731.00 1224.00,1731.00
             1224.00,1731.00 1323.00,1701.00 1323.00,1701.00
             1323.00,1701.00 1413.00,1656.00 1413.00,1656.00
             1413.00,1656.00 1479.00,1644.00 1479.00,1644.00
             1479.00,1644.00 1572.00,1551.00 1572.00,1551.00
             1572.00,1551.00 1659.00,1500.00 1662.00,1500.00
             1665.00,1500.00 1749.00,1512.00 1749.00,1512.00
             1749.00,1512.00 1830.00,1554.00 1830.00,1554.00
             1830.00,1554.00 1884.00,1575.00 1884.00,1575.00
             1884.00,1575.00 1902.00,1617.00 1902.00,1617.00
             1902.00,1617.00 2073.00,1677.00 2073.00,1677.00
             2073.00,1677.00 2223.00,1686.00 2223.00,1686.00
             2223.00,1686.00 2370.00,1650.00 2370.00,1650.00
             2370.00,1650.00 2481.00,1548.00 2481.00,1548.00
             2481.00,1548.00 2559.00,1446.00 2559.00,1446.00
             2559.00,1446.00 2664.00,1374.00 2664.00,1374.00" />
</svg>
